[gd_scene load_steps=26 format=2]

[ext_resource path="res://materials/waterShader.tres" type="Material" id=1]
[ext_resource path="res://scenes/player.tscn" type="PackedScene" id=2]
[ext_resource path="res://assets/3d/island/islandT1.obj" type="ArrayMesh" id=3]
[ext_resource path="res://assets/3d/island/SM_Env_Tree_01.obj" type="ArrayMesh" id=4]
[ext_resource path="res://materials/polygonAdventure.tres" type="Material" id=5]
[ext_resource path="res://materials/worldEnviroment.tres" type="Environment" id=6]
[ext_resource path="res://assets/3d/island/SM_Env_Pebble_03.obj" type="ArrayMesh" id=7]
[ext_resource path="res://assets/3d/island/SM_Env_Pebble_02.obj" type="ArrayMesh" id=8]
[ext_resource path="res://assets/3d/island/SM_Env_Mushroom_01.obj" type="ArrayMesh" id=9]
[ext_resource path="res://assets/3d/island/SM_Env_Rock_05.obj" type="ArrayMesh" id=10]
[ext_resource path="res://assets/3d/island/SM_Env_Tree_02.obj" type="ArrayMesh" id=11]
[ext_resource path="res://assets/2d/winText.png" type="Texture" id=12]
[ext_resource path="res://assets/2d/restartText.png" type="Texture" id=13]
[ext_resource path="res://scripts/landEnding.gd" type="Script" id=14]
[ext_resource path="res://assets/3d/bird/bird.tscn" type="PackedScene" id=15]

[sub_resource type="PlaneMesh" id=1]
size = Vector2( 500, 500 )
subdivide_width = 250
subdivide_depth = 250

[sub_resource type="SpatialMaterial" id=2]
albedo_color = Color( 0.027451, 0.196078, 0.0156863, 1 )

[sub_resource type="SpatialMaterial" id=3]
albedo_color = Color( 0.180392, 0.180392, 0.180392, 1 )

[sub_resource type="Curve" id=4]
_data = [ Vector2( 0, 1 ), 0.0, 0.0, 0, 0, Vector2( 1, 0 ), 0.0, 0.0, 0, 0 ]

[sub_resource type="CurveTexture" id=5]
curve = SubResource( 4 )

[sub_resource type="ParticlesMaterial" id=6]
initial_velocity = 50.0
scale_curve = SubResource( 5 )

[sub_resource type="SpatialMaterial" id=7]
albedo_color = Color( 0.0156863, 0.384314, 0.0627451, 1 )

[sub_resource type="CubeMesh" id=8]
material = SubResource( 7 )

[sub_resource type="BoxShape" id=9]

[sub_resource type="Animation" id=10]
resource_name = "jumping"
length = 5.0
loop = true
tracks/0/type = "value"
tracks/0/path = NodePath("bird:translation")
tracks/0/interp = 1
tracks/0/loop_wrap = true
tracks/0/imported = false
tracks/0/enabled = true
tracks/0/keys = {
"times": PoolRealArray( 0, 0.6, 1 ),
"transitions": PoolRealArray( 0.5, 2, 1 ),
"update": 0,
"values": [ Vector3( -5.50237, 4.70094, 80.1054 ), Vector3( -5.50237, 7.65621, 80.1054 ), Vector3( -5.50237, 4.70094, 80.1054 ) ]
}
tracks/1/type = "value"
tracks/1/path = NodePath("bird2:translation")
tracks/1/interp = 1
tracks/1/loop_wrap = true
tracks/1/imported = false
tracks/1/enabled = true
tracks/1/keys = {
"times": PoolRealArray( 0.6, 1.1, 1.5 ),
"transitions": PoolRealArray( 0.5, 2, 1 ),
"update": 0,
"values": [ Vector3( -3.52105, 4.24922, 79.5726 ), Vector3( -3.52105, 5.32061, 79.5726 ), Vector3( -3.52105, 4.24922, 79.5726 ) ]
}
tracks/2/type = "value"
tracks/2/path = NodePath("bird3:translation")
tracks/2/interp = 1
tracks/2/loop_wrap = true
tracks/2/imported = false
tracks/2/enabled = true
tracks/2/keys = {
"times": PoolRealArray( 1.1, 1.6, 2 ),
"transitions": PoolRealArray( 0.5, 2, 1 ),
"update": 0,
"values": [ Vector3( -4.55965, 4.4965, 78.0275 ), Vector3( -4.55965, 5.714, 78.0275 ), Vector3( -4.55965, 4.4965, 78.0275 ) ]
}
tracks/3/type = "value"
tracks/3/path = NodePath("bird4:translation")
tracks/3/interp = 1
tracks/3/loop_wrap = true
tracks/3/imported = false
tracks/3/enabled = true
tracks/3/keys = {
"times": PoolRealArray( 3, 4, 4.5 ),
"transitions": PoolRealArray( 0.5, 2, 1 ),
"update": 0,
"values": [ Vector3( -5.16834, 4.70142, 75.9776 ), Vector3( -5.168, 20, 75.978 ), Vector3( -5.16834, 4.70142, 75.9776 ) ]
}
tracks/4/type = "value"
tracks/4/path = NodePath("bird4:rotation_degrees")
tracks/4/interp = 1
tracks/4/loop_wrap = true
tracks/4/imported = false
tracks/4/enabled = true
tracks/4/keys = {
"times": PoolRealArray( 3, 3.7, 4.5 ),
"transitions": PoolRealArray( 1, 1, 1 ),
"update": 0,
"values": [ Vector3( 0, -79.187, 0 ), Vector3( 0, -79.187, 520 ), Vector3( 0, -79.187, 0 ) ]
}
tracks/5/type = "value"
tracks/5/path = NodePath("berd_explosion:emitting")
tracks/5/interp = 1
tracks/5/loop_wrap = true
tracks/5/imported = false
tracks/5/enabled = true
tracks/5/keys = {
"times": PoolRealArray( 4.5 ),
"transitions": PoolRealArray( 1 ),
"update": 1,
"values": [ true ]
}

[node name="landEnding" type="Spatial"]
script = ExtResource( 14 )

[node name="youWin" type="Sprite3D" parent="."]
transform = Transform( -1.94812, 0, -0.452589, 0, 2, 0, 0.452589, 0, -1.94812, 13.297, 2.95, 109.018 )
texture = ExtResource( 12 )

[node name="restartText" type="Sprite3D" parent="."]
transform = Transform( -1.94812, 0, -0.452589, 0, 2, 0, 0.452589, 0, -1.94812, 12.9758, 5.36885, 109.018 )
texture = ExtResource( 13 )

[node name="water" type="MeshInstance" parent="."]
mesh = SubResource( 1 )
material/0 = ExtResource( 1 )

[node name="player" parent="." instance=ExtResource( 2 )]
transform = Transform( 0.952757, 0, 0.303734, 0, 1, 0, -0.303734, 0, 0.952757, 11.8563, 1.90805, 102.577 )

[node name="land" type="MeshInstance" parent="."]
transform = Transform( 26.2132, 0, -42.5778, 0, 25, 0, 42.5778, 0, 26.2132, -7.90766, 7.04639, -141.718 )
mesh = ExtResource( 3 )
material/0 = SubResource( 2 )

[node name="mountian" type="MeshInstance" parent="."]
transform = Transform( 13.1066, 0, -21.2889, 0, 100, 0, 21.2889, 0, 13.1066, -33.5251, 7.04639, -357.384 )
mesh = ExtResource( 3 )
material/0 = SubResource( 3 )

[node name="tree" type="MeshInstance" parent="."]
transform = Transform( 0.0161993, 0, -0.0252504, 0, 0.03, 0, 0.0252504, 0, 0.0161993, 11.3458, 1.52918, 76.8822 )
mesh = ExtResource( 4 )
material/0 = ExtResource( 5 )

[node name="tree2" type="MeshInstance" parent="tree"]
transform = Transform( 0.824786, 0, -0.565445, 0, 1, 0, 0.565445, 0, 0.824786, 226.069, -51.2798, 734.017 )
mesh = ExtResource( 4 )
material/0 = ExtResource( 5 )

[node name="tree3" type="MeshInstance" parent="tree"]
transform = Transform( -0.857831, 0, -0.513932, 0, 1, 0, 0.513932, 0, -0.857831, 306.424, -51.2798, -558.483 )
mesh = ExtResource( 4 )
material/0 = ExtResource( 5 )

[node name="tree4" type="MeshInstance" parent="tree"]
transform = Transform( -0.857831, 0, -0.513932, 0, 1, 0, 0.513932, 0, -0.857831, -1052, 205.492, -558.483 )
mesh = ExtResource( 4 )
material/0 = ExtResource( 5 )

[node name="tree5" type="MeshInstance" parent="tree"]
transform = Transform( -0.857831, 0, -0.513932, 0, 1, 0, 0.513932, 0, -0.857831, -1537.55, 185.142, 1246.69 )
mesh = ExtResource( 4 )
material/0 = ExtResource( 5 )

[node name="tree16" type="MeshInstance" parent="tree"]
transform = Transform( -0.857831, 0, -0.513932, 0, 1, 0, 0.513932, 0, -0.857831, -2344.73, 75.3036, 3361.03 )
mesh = ExtResource( 11 )
material/0 = ExtResource( 5 )

[node name="tree6" type="MeshInstance" parent="tree"]
transform = Transform( -0.857831, 0, -0.513932, 0, 1, 0, 0.513932, 0, -0.857831, -621.225, 94.3918, 466.617 )
mesh = ExtResource( 11 )
material/0 = ExtResource( 5 )

[node name="tree7" type="MeshInstance" parent="tree"]
transform = Transform( -0.857831, 0, -0.513932, 0, 1, 0, 0.513932, 0, -0.857831, 208.416, 108.755, -1562.52 )
mesh = ExtResource( 11 )
material/0 = ExtResource( 5 )

[node name="tree8" type="MeshInstance" parent="tree"]
transform = Transform( -0.805034, 0, 0.593229, 0, 1, 0, -0.593229, 0, -0.805034, -1369.15, 215.619, -1562.52 )
mesh = ExtResource( 4 )
material/0 = ExtResource( 5 )

[node name="tree9" type="MeshInstance" parent="tree"]
transform = Transform( -0.747309, 0, -0.664477, 0, 1, 0, 0.664477, 0, -0.747309, -399.123, 286.957, -3222.76 )
mesh = ExtResource( 4 )
material/0 = ExtResource( 5 )

[node name="tree12" type="MeshInstance" parent="tree"]
transform = Transform( 0.274417, 0, -0.961611, 0, 1, 0, 0.961611, 0, 0.274417, -1649.31, 399.063, -3222.76 )
mesh = ExtResource( 4 )
material/0 = ExtResource( 5 )

[node name="tree13" type="MeshInstance" parent="tree"]
transform = Transform( -0.764774, 0, -0.644298, 0, 1, 0, 0.644298, 0, -0.764774, -729.823, 276.944, -2378.23 )
mesh = ExtResource( 4 )
material/0 = ExtResource( 5 )

[node name="tree14" type="MeshInstance" parent="tree"]
transform = Transform( -0.764774, 0, -0.644298, 0, 1, 0, 0.644298, 0, -0.764774, -2559.17, 276.944, -2378.23 )
mesh = ExtResource( 11 )
material/0 = ExtResource( 5 )

[node name="tree15" type="MeshInstance" parent="tree"]
transform = Transform( -0.764774, 0, -0.644298, 0, 1, 0, 0.644298, 0, -0.764774, -2167.32, 276.944, -537.365 )
mesh = ExtResource( 4 )
material/0 = ExtResource( 5 )

[node name="tree10" type="MeshInstance" parent="tree"]
transform = Transform( 0.358424, 0, -0.933559, 0, 1, 0, 0.933559, 0, 0.358424, 357.32, -7.33725, -4596.55 )
mesh = ExtResource( 4 )
material/0 = ExtResource( 5 )

[node name="tree11" type="MeshInstance" parent="tree"]
transform = Transform( 0.878291, 0, -0.478127, 0, 1, 0, 0.478127, 0, 0.878291, 681.79, -16.1839, -2532.91 )
mesh = ExtResource( 11 )
material/0 = ExtResource( 5 )

[node name="pebbles" type="MeshInstance" parent="."]
transform = Transform( 0.107995, 0, -0.168336, 0, 0.2, 0, 0.168336, 0, 0.107995, 14.2112, 0.0731791, 91.5764 )
mesh = ExtResource( 7 )
material/0 = ExtResource( 5 )

[node name="SM_Env_Pebble_03" type="MeshInstance" parent="pebbles"]
transform = Transform( 1, 0, 0, 0, 1, 0, 0, 0, 1, -50.9023, 11.4764, -48.5212 )
mesh = ExtResource( 7 )
material/0 = ExtResource( 5 )

[node name="SM_Env_Pebble_04" type="MeshInstance" parent="pebbles"]
transform = Transform( 1, 0, 0, 0, 1, 0, 0, 0, 1, -27.9141, 3.13854, 79.0922 )
mesh = ExtResource( 8 )
material/0 = ExtResource( 5 )

[node name="SM_Env_Pebble_05" type="MeshInstance" parent="pebbles"]
transform = Transform( 1, 0, 0, 0, 1, 0, 0, 0, 1, -151.015, 20.178, 125.06 )
mesh = ExtResource( 8 )
material/0 = ExtResource( 5 )

[node name="SM_Env_Pebble_06" type="MeshInstance" parent="pebbles"]
transform = Transform( 1, 0, 0, 0, 1, 0, 0, 0, 1, -24.571, 1.0131, 155.934 )
mesh = ExtResource( 7 )
material/0 = ExtResource( 5 )

[node name="SM_Env_Pebble_07" type="MeshInstance" parent="pebbles"]
transform = Transform( 1, 0, 0, 0, 1, 0, 0, 0, 1, 32.3116, 1.0131, -191.015 )
mesh = ExtResource( 8 )
material/0 = ExtResource( 5 )

[node name="SM_Env_Pebble_08" type="MeshInstance" parent="pebbles"]
transform = Transform( 1, 0, 0, 0, 1, 0, 0, 0, 1, -121.457, 35.8281, -191.015 )
mesh = ExtResource( 8 )
material/0 = ExtResource( 5 )

[node name="SM_Env_Pebble_09" type="MeshInstance" parent="pebbles"]
transform = Transform( 1, 0, 0, 0, 1, 0, 0, 0, 1, -229.9, 38.1093, -37.8066 )
mesh = ExtResource( 8 )
material/0 = ExtResource( 5 )

[node name="mushroom" type="MeshInstance" parent="."]
transform = Transform( 0.0134994, 0, -0.021042, 0, 0.025, 0, 0.021042, 0, 0.0134994, 13.6046, 2.01129, 79.6956 )
mesh = ExtResource( 9 )
material/0 = ExtResource( 5 )

[node name="mushroom8" type="MeshInstance" parent="mushroom"]
transform = Transform( 1, 0, 0, 0, 1, 0, 0, 0, 1, -758.838, 107.02, 581.21 )
mesh = ExtResource( 9 )
material/0 = ExtResource( 5 )

[node name="mushroom2" type="MeshInstance" parent="mushroom"]
transform = Transform( 0.490789, 0, 0.631764, 0, 0.8, 0, -0.631764, 0, 0.490789, -21.8381, 5.38151, 94.7464 )
mesh = ExtResource( 9 )
material/0 = ExtResource( 5 )

[node name="mushroom3" type="MeshInstance" parent="mushroom"]
transform = Transform( 0.245394, 0, 0.315882, 0, 0.4, 0, -0.315882, 0, 0.245394, 26.5585, 0.452003, 51.4214 )
mesh = ExtResource( 9 )
material/0 = ExtResource( 5 )

[node name="mushroom5" type="MeshInstance" parent="mushroom"]
transform = Transform( 0.245394, 0, 0.315882, 0, 0.4, 0, -0.315882, 0, 0.245394, 258.817, -77.2681, 902.862 )
mesh = ExtResource( 9 )
material/0 = ExtResource( 5 )

[node name="mushroom6" type="MeshInstance" parent="mushroom"]
transform = Transform( 0.245394, 0, 0.315882, 0, 0.4, 0, -0.315882, 0, 0.245394, 273.159, -44.0372, -634.54 )
mesh = ExtResource( 9 )
material/0 = ExtResource( 5 )

[node name="mushroom7" type="MeshInstance" parent="mushroom"]
transform = Transform( -0.298575, 0, 0.520435, 0, 0.6, 0, -0.520435, 0, -0.298575, 256.52, -44.0372, -609.135 )
mesh = ExtResource( 9 )
material/0 = ExtResource( 5 )

[node name="mushroom4" type="MeshInstance" parent="mushroom"]
transform = Transform( 0.685969, 0.224024, -0.345341, -0.248355, 0.760473, 0, 0.328278, 0.107209, 0.721623, 167.461, -48.6736, 923.026 )
mesh = ExtResource( 9 )
material/0 = ExtResource( 5 )

[node name="rock" type="MeshInstance" parent="."]
transform = Transform( -0.00362427, 0, -0.0999343, 0, 0.1, 0, 0.0999343, 0, -0.00362427, 67.2581, -2.68754, 111.41 )
mesh = ExtResource( 10 )
material/0 = ExtResource( 5 )

[node name="WorldEnvironment" type="WorldEnvironment" parent="."]
environment = ExtResource( 6 )

[node name="berd_explosion" type="Particles" parent="."]
transform = Transform( 0.158398, 0, 0.122106, 0, 0.2, 0, -0.122106, 0, 0.158398, -5.16979, 3.8082, 75.8308 )
emitting = false
lifetime = 3.0
one_shot = true
speed_scale = 3.0
explosiveness = 1.0
process_material = SubResource( 6 )
draw_pass_1 = SubResource( 8 )

[node name="Area" type="Area" parent="."]
transform = Transform( 0.934223, 0, 0.356689, 0, 1, 0, -0.356689, 0, 0.934223, 12.9988, 1.91702, 110.428 )

[node name="hitbox" type="CollisionShape" parent="Area"]
transform = Transform( 10, 0, 0, 0, 5, 0, 0, 0, 1, 0, 0, 0 )
shape = SubResource( 9 )

[node name="bird" parent="." instance=ExtResource( 15 )]
transform = Transform( -0.102897, 0, -0.994692, 0, 1, 0, 0.994692, 0, -0.102897, -5.50237, 4.70094, 80.1054 )

[node name="bird2" parent="." instance=ExtResource( 15 )]
transform = Transform( 0.0909718, 0, -0.491654, 0, 0.5, 0, 0.491654, 0, 0.0909718, -3.52105, 4.24922, 79.5726 )

[node name="bird3" parent="." instance=ExtResource( 15 )]
transform = Transform( 0.365135, 0, -0.34158, 0, 0.5, 0, 0.34158, 0, 0.365135, -4.55965, 4.4965, 78.0275 )

[node name="bird4" parent="." instance=ExtResource( 15 )]
transform = Transform( -0.0916874, 0.019805, -0.491122, -0.105568, -0.488728, 0, -0.480051, 0.103694, 0.093802, -5.16806, 17.4452, 75.9779 )

[node name="berds" type="AnimationPlayer" parent="."]
autoplay = "jumping"
anims/jumping = SubResource( 10 )
[connection signal="area_entered" from="Area" to="." method="_on_Area_area_entered"]
