[gd_scene load_steps=10 format=2]

[ext_resource path="res://materials/waterShader.tres" type="Material" id=1]
[ext_resource path="res://scenes/player.tscn" type="PackedScene" id=2]
[ext_resource path="res://assets/3d/island/islandT1.obj" type="ArrayMesh" id=3]
[ext_resource path="res://assets/3d/island/SM_Env_Tree_01.obj" type="ArrayMesh" id=4]
[ext_resource path="res://materials/polygonAdventure.tres" type="Material" id=5]
[ext_resource path="res://materials/worldEnviroment.tres" type="Environment" id=6]

[sub_resource type="PlaneMesh" id=1]
size = Vector2( 500, 500 )
subdivide_width = 250
subdivide_depth = 250

[sub_resource type="SpatialMaterial" id=2]
albedo_color = Color( 0.027451, 0.196078, 0.0156863, 1 )

[sub_resource type="SpatialMaterial" id=3]
albedo_color = Color( 0.180392, 0.180392, 0.180392, 1 )

[node name="landEnding" type="Spatial"]

[node name="water" type="MeshInstance" parent="."]
mesh = SubResource( 1 )
material/0 = ExtResource( 1 )

[node name="player" parent="." instance=ExtResource( 2 )]
transform = Transform( 0.258819, 0, 0.965926, 0, 1, 0, -0.965926, 0, 0.258819, -6.27748, 1.90805, -0.254489 )

[node name="land" type="MeshInstance" parent="."]
transform = Transform( 49.9914, 0, -0.927869, 0, 25, 0, 0.927869, 0, 49.9914, -222.568, 7.04639, -115.533 )
mesh = ExtResource( 3 )
material/0 = SubResource( 2 )

[node name="mountian" type="MeshInstance" parent="."]
transform = Transform( 24.9957, 0, -0.463934, 0, 100, 0, 0.463934, 0, 24.9957, -417.923, 7.04639, -210.426 )
mesh = ExtResource( 3 )
material/0 = SubResource( 3 )

[node name="tree" type="MeshInstance" parent="."]
transform = Transform( 0.03, 0, 0, 0, 0.03, 0, 0, 0, 0.03, -28.1801, 1.52918, -13.6994 )
mesh = ExtResource( 4 )
material/0 = ExtResource( 5 )

[node name="tree2" type="MeshInstance" parent="tree"]
transform = Transform( 0.824786, 0, -0.565445, 0, 1, 0, 0.565445, 0, 0.824786, 226.069, -51.2798, 734.017 )
mesh = ExtResource( 4 )
material/0 = ExtResource( 5 )

[node name="tree3" type="MeshInstance" parent="tree"]
transform = Transform( -0.857831, 0, -0.513932, 0, 1, 0, 0.513932, 0, -0.857831, 306.424, -51.2798, -558.483 )
mesh = ExtResource( 4 )
material/0 = ExtResource( 5 )

[node name="tree4" type="MeshInstance" parent="tree"]
transform = Transform( -0.857831, 0, -0.513932, 0, 1, 0, 0.513932, 0, -0.857831, -1052, 205.492, -558.483 )
mesh = ExtResource( 4 )
material/0 = ExtResource( 5 )

[node name="tree5" type="MeshInstance" parent="tree"]
transform = Transform( -0.857831, 0, -0.513932, 0, 1, 0, 0.513932, 0, -0.857831, -1537.55, 185.142, 1246.69 )
mesh = ExtResource( 4 )
material/0 = ExtResource( 5 )

[node name="tree16" type="MeshInstance" parent="tree"]
transform = Transform( -0.857831, 0, -0.513932, 0, 1, 0, 0.513932, 0, -0.857831, -2344.73, 75.3036, 3361.03 )
mesh = ExtResource( 4 )
material/0 = ExtResource( 5 )

[node name="tree6" type="MeshInstance" parent="tree"]
transform = Transform( -0.857831, 0, -0.513932, 0, 1, 0, 0.513932, 0, -0.857831, -621.225, 94.3918, 466.617 )
mesh = ExtResource( 4 )
material/0 = ExtResource( 5 )

[node name="tree7" type="MeshInstance" parent="tree"]
transform = Transform( -0.857831, 0, -0.513932, 0, 1, 0, 0.513932, 0, -0.857831, 208.416, 108.755, -1562.52 )
mesh = ExtResource( 4 )
material/0 = ExtResource( 5 )

[node name="tree8" type="MeshInstance" parent="tree"]
transform = Transform( -0.805034, 0, 0.593229, 0, 1, 0, -0.593229, 0, -0.805034, -1369.15, 215.619, -1562.52 )
mesh = ExtResource( 4 )
material/0 = ExtResource( 5 )

[node name="tree9" type="MeshInstance" parent="tree"]
transform = Transform( -0.747309, 0, -0.664477, 0, 1, 0, 0.664477, 0, -0.747309, -399.123, 286.957, -3222.76 )
mesh = ExtResource( 4 )
material/0 = ExtResource( 5 )

[node name="tree12" type="MeshInstance" parent="tree"]
transform = Transform( 0.274417, 0, -0.961611, 0, 1, 0, 0.961611, 0, 0.274417, -1649.31, 399.063, -3222.76 )
mesh = ExtResource( 4 )
material/0 = ExtResource( 5 )

[node name="tree13" type="MeshInstance" parent="tree"]
transform = Transform( -0.764774, 0, -0.644298, 0, 1, 0, 0.644298, 0, -0.764774, -729.823, 276.944, -2378.23 )
mesh = ExtResource( 4 )
material/0 = ExtResource( 5 )

[node name="tree14" type="MeshInstance" parent="tree"]
transform = Transform( -0.764774, 0, -0.644298, 0, 1, 0, 0.644298, 0, -0.764774, -2559.17, 276.944, -2378.23 )
mesh = ExtResource( 4 )
material/0 = ExtResource( 5 )

[node name="tree15" type="MeshInstance" parent="tree"]
transform = Transform( -0.764774, 0, -0.644298, 0, 1, 0, 0.644298, 0, -0.764774, -2167.32, 276.944, -537.365 )
mesh = ExtResource( 4 )
material/0 = ExtResource( 5 )

[node name="tree10" type="MeshInstance" parent="tree"]
transform = Transform( 0.358424, 0, -0.933559, 0, 1, 0, 0.933559, 0, 0.358424, 357.32, -7.33725, -4596.55 )
mesh = ExtResource( 4 )
material/0 = ExtResource( 5 )

[node name="tree11" type="MeshInstance" parent="tree"]
transform = Transform( 0.878291, 0, -0.478127, 0, 1, 0, 0.478127, 0, 0.878291, 681.79, -16.1839, -2532.91 )
mesh = ExtResource( 4 )
material/0 = ExtResource( 5 )

[node name="WorldEnvironment" type="WorldEnvironment" parent="."]
environment = ExtResource( 6 )
